00000000
00011111
11011100
01001101
11010010
01010110
11101111
00111100
00100111
00010010
01011110
11110101
01111000
11111011
01101010
00100100
00111111
01011010
00010011
01111111
00000000
01111111
00010011
01011010
00111111
00100100
01101010
11111011
01111000
11110101
01011110
00010010
00100111
00111100
11101111
01010110
11010010
01001101
11011100
00011111
00000000
11100001
00100100
10110011
00101110
10101010
00010001
11000100
11011001
11101110
10100010
00001011
10001000
00000101
10010110
11011100
11000001
10100110
11101101
10000001
00000000
10000001
11101101
10100110
11000001
11011100
10010110
00000101
10001000
00001011
10100010
11101110
11011001
11000100
00010001
10101010
00101110
10110011
00100100
11100001
00000000
00011111
11011100
01001101
11010010
01010110
11101111
00111100
00100111
00010010
01011110
11110101
01111000
11111011
01101010
00100100
00111111
01011010
00010011
01111111
00000000
01111111
00010011
01011010
00111111
00100100
01101010
11111011
01111000
11110101
01011110
00010010
00100111
00111100
11101111
01010110
11010010
01001101
11011100
00011111
00000000
11100001
00100100
10110011
00101110
10101010
00010001
11000100
11011001
11101110
10100010
00001011
10001000
00000101
10010110
11011100
11000001
10100110
11101101
10000001
00000000
10000001
11101101
10100110
11000001
11011100
10010110
00000101
10001000
00001011
10100010
11101110
11011001
11000100
00010001
10101010
00101110
10110011
00100100
11100001
00000000
00011111
11011100
01001101
11010010
01010110
11101111
00111100
00100111
00010010
01011110
11110101
01111000
11111011
01101010
00100100
00111111
01011010
00010011
01111111
00000000
01111111
00010011
01011010
00111111
00100100
01101010
11111011
01111000
11110101
01011110
00010010
00100111
00111100
11101111
01010110
11010010
01001101
11011100
00011111
00000000
11100001
00100100
10110011
00101110
10101010
00010001
11000100
11011001
11101110
10100010
00001011
10001000
00000101
10010110
11011100
11000001
10100110
11101101
10000001
00000000
10000001
11101101
10100110
11000001
11011100
10010110
00000101
10001000
00001011
10100010
11101110
11011001
11000100
00010001
10101010
00101110
10110011
00100100
11100001
00000000
00011111
11011100
01001101
11010010
01010110
11101111
00111100
00100111
00010010
01011110
11110101
01111000
11111011
01101010
00100100
00111111
01011010
00010011
01111111
00000000
01111111
00010011
01011010
00111111
00100100
01101010
11111011
01111000
11110101
01011110
00010010
00100111
00111100
11101111
01010110
11010010
01001101
11011100
00011111
00000000
11100001
00100100
10110011
00101110
10101010
00010001
11000100
11011001
11101110
10100010
00001011
10001000
00000101
10010110
11011100
11000001
10100110
11101101
10000001
00000000
10000001
11101101
10100110
11000001
11011100
10010110
00000101
10001000
00001011
10100010
11101110
11011001
11000100
00010001
10101010
00101110
10110011
00100100
11100001
00000000
00011111
11011100
01001101
11010010
01010110
11101111
00111100
00100111
00010010
01011110
11110101
01111000
11111011
01101010
00100100
00111111
01011010
00010011
01111111
00000000
01111111
00010011
01011010
00111111
00100100
01101010
11111011
01111000
11110101
01011110
00010010
00100111
00111100
11101111
01010110
11010010
01001101
11011100
00011111
00000000
11100001
00100100
10110011
00101110
10101010
00010001
11000100
11011001
11101110
10100010
00001011
10001000
00000101
10010110
11011100
11000001
10100110
11101101
10000001
00000000
10000001
11101101
10100110
11000001
11011100
10010110
00000101
10001000
00001011
10100010
11101110
11011001
11000100
00010001
10101010
00101110
10110011
00100100
11100001
00000000
00011111
11011100
01001101
11010010
01010110
11101111
00111100
00100111
00010010
01011110
11110101
01111000
11111011
01101010
00100100
00111111
01011010
00010011
01111111
00000000
01111111
00010011
01011010
00111111
00100100
01101010
11111011
01111000
11110101
01011110
00010010
00100111
00111100
11101111
01010110
11010010
01001101
11011100
00011111
00000000
11100001
00100100
10110011
00101110
10101010
00010001
11000100
11011001
11101110
10100010
00001011
10001000
00000101
10010110
11011100
11000001
10100110
11101101
10000001
00000000
10000001
11101101
10100110
11000001
11011100
10010110
00000101
10001000
00001011
10100010
11101110
11011001
11000100
00010001
10101010
00101110
10110011
00100100
11100001
00000000
00011111
11011100
01001101
11010010
01010110
11101111
00111100
00100111
00010010
01011110
11110101
01111000
11111011
01101010
00100100
00111111
01011010
00010011
01111111
00000000
01111111
00010011
01011010
00111111
00100100
01101010
11111011
01111000
11110101
01011110
00010010
00100111
00111100
11101111
01010110
11010010
01001101
11011100
00011111
00000000
11100001
00100100
10110011
00101110
10101010
00010001
11000100
11011001
11101110
10100010
00001011
10001000
00000101
10010110
11011100
11000001
10100110
11101101
10000001
00000000
10000001
11101101
10100110
11000001
11011100
10010110
00000101
10001000
00001011
10100010
11101110
11011001
11000100
00010001
10101010
00101110
10110011
00100100
11100001
00000000
00011111
11011100
01001101
11010010
01010110
11101111
00111100
00100111
00010010
01011110
11110101
01111000
11111011
01101010
00100100
00111111
01011010
00010011
01111111
00000000
01111111
00010011
01011010
00111111
00100100
01101010
11111011
01111000
11110101
01011110
00010010
00100111
00111100
11101111
01010110
11010010
01001101
11011100
00011111
00000000
11100001
00100100
10110011
00101110
10101010
00010001
11000100
11011001
11101110
10100010
00001011
10001000
00000101
10010110
11011100
11000001
10100110
11101101
10000001
00000000
10000001
11101101
10100110
11000001
11011100
10010110
00000101
10001000
00001011
10100010
11101110
11011001
11000100
00010001
10101010
00101110
10110011
00100100
11100001
00000000
00011111
11011100
01001101
11010010
01010110
11101111
00111100
00100111
00010010
01011110
11110101
01111000
11111011
01101010
00100100
00111111
01011010
00010011
01111111
00000000
01111111
00010011
01011010
00111111
00100100
01101010
11111011
01111000
11110101
01011110
00010010
00100111
00111100
11101111
01010110
11010010
01001101
11011100
00011111
00000000
11100001
00100100
10110011
00101110
10101010
00010001
11000100
11011001
11101110
10100010
00001011
10001000
00000101
10010110
11011100
11000001
10100110
11101101
10000001
00000000
10000001
11101101
10100110
11000001
11011100
10010110
00000101
10001000
00001011
10100010
11101110
11011001
11000100
00010001
10101010
00101110
10110011
00100100
11100001
00000000
00011111
11011100
01001101
11010010
01010110
11101111
00111100
00100111
00010010
01011110
11110101
01111000
11111011
01101010
00100100
00111111
01011010
00010011
01111111
00000000
01111111
00010011
01011010
00111111
00100100
01101010
11111011
01111000
11110101
01011110
00010010
00100111
00111100
11101111
01010110
11010010
01001101
11011100
00011111
00000000
11100001
00100100
10110011
00101110
10101010
00010001
11000100
11011001
11101110
10100010
00001011
10001000
00000101
10010110
11011100
11000001
10100110
11101101
10000001
00000000
10000001
11101101
10100110
11000001
11011100
10010110
00000101
10001000
00001011
10100010
11101110
11011001
11000100
00010001
10101010
00101110
10110011
00100100
11100001
00000000
00011111
11011100
01001101
11010010
01010110
11101111
00111100
00100111
00010010
01011110
11110101
01111000
11111011
01101010
00100100
00111111
01011010
00010011
01111111
00000000
01111111
00010011
01011010
00111111
00100100
01101010
11111011
01111000
11110101
01011110
00010010
00100111
00111100
11101111
01010110
11010010
01001101
11011100
00011111
00000000
11100001
00100100
10110011
00101110
10101010
00010001
11000100
11011001
11101110
10100010
00001011
10001000
00000101
10010110
11011100
11000001
10100110
11101101
10000001
00000000
10000001
11101101
10100110
11000001
11011100
10010110
00000101
10001000
00001011
10100010
11101110
11011001
11000100
00010001
10101010
00101110
10110011
00100100
11100001
00000000
00011111
11011100
01001101
11010010
01010110
11101111
00111100
00100111
00010010
01011110
11110101
01111000
11111011
01101010
00100100
00111111
01011010
00010011
01111111
00000000
01111111
00010011
01011010
00111111
00100100
01101010
11111011
01111000
11110101
01011110
00010010
00100111
00111100
11101111
01010110
11010010
01001101
11011100
00011111
00000000
11100001
00100100
10110011
00101110
10101010
00010001
11000100
11011001
11101110
10100010
00001011
10001000
00000101
10010110
11011100
11000001
10100110
11101101
10000001
00000000
10000001
11101101
10100110
11000001
11011100
10010110
00000101
10001000
00001011
10100010
11101110
11011001
11000100
00010001
10101010
00101110
10110011
00100100
11100001
00000000
00011111
11011100
01001101
11010010
01010110
11101111
00111100
00100111
00010010
01011110
11110101
01111000
11111011
01101010
00100100
00111111
01011010
00010011
01111111
00000000
01111111
00010011
01011010
00111111
00100100
01101010
11111011
01111000
11110101
01011110
00010010
00100111
00111100
11101111
01010110
11010010
01001101
11011100
00011111
00000000
11100001
00100100
10110011
00101110
10101010
00010001
11000100
11011001
11101110
10100010
00001011
10001000
00000101
10010110
11011100
11000001
10100110
11101101
10000001
00000000
10000001
11101101
10100110
;